Item,Data Item,Begin,End,Type,Length,Remarks,File,Min_Date,Max_Date,Record_Type
1,Record Type H = File Header,1,1,Character,1,X,"llmon2_MBS SF PORTFOLIO - LOAN LEVEL, GINNIE II Layout V1.7 (Dec 2017 - Jan 2021).pdf",2017-12-01,2021-01-01,H
2,"File Name
(GNMA_MBS_LL_XXX_CCYYMM)",2,23,Character,22,X(22),"llmon2_MBS SF PORTFOLIO - LOAN LEVEL, GINNIE II Layout V1.7 (Dec 2017 - Jan 2021).pdf",2017-12-01,2021-01-01,H
3,File Number,24,26,Numeric,3,9(3),"llmon2_MBS SF PORTFOLIO - LOAN LEVEL, GINNIE II Layout V1.7 (Dec 2017 - Jan 2021).pdf",2017-12-01,2021-01-01,H
4,Correction Flag (If a replacement of previous file),27,27,Character,1,X,"llmon2_MBS SF PORTFOLIO - LOAN LEVEL, GINNIE II Layout V1.7 (Dec 2017 - Jan 2021).pdf",2017-12-01,2021-01-01,H
5,As of Date (CCYYMM),28,33,Numeric,6,9(6),"llmon2_MBS SF PORTFOLIO - LOAN LEVEL, GINNIE II Layout V1.7 (Dec 2017 - Jan 2021).pdf",2017-12-01,2021-01-01,H
6,Date File Generated (CCYYMMDD),34,41,Numeric,8,9(8),"llmon2_MBS SF PORTFOLIO - LOAN LEVEL, GINNIE II Layout V1.7 (Dec 2017 - Jan 2021).pdf",2017-12-01,2021-01-01,H
1,Record Type P = Pool Information,1,1,Character,1,X,"llmon2_MBS SF PORTFOLIO - LOAN LEVEL, GINNIE II Layout V1.7 (Dec 2017 - Jan 2021).pdf",2017-12-01,2021-01-01,P
2,CUSIP Number,2,10,Character,9,X(9),"llmon2_MBS SF PORTFOLIO - LOAN LEVEL, GINNIE II Layout V1.7 (Dec 2017 - Jan 2021).pdf",2017-12-01,2021-01-01,P
3,Pool ID,11,16,Character,6,X(6),"llmon2_MBS SF PORTFOLIO - LOAN LEVEL, GINNIE II Layout V1.7 (Dec 2017 - Jan 2021).pdf",2017-12-01,2021-01-01,P
4,"Issue Type (X, C, or M)",17,17,Character,1,X,"llmon2_MBS SF PORTFOLIO - LOAN LEVEL, GINNIE II Layout V1.7 (Dec 2017 - Jan 2021).pdf",2017-12-01,2021-01-01,P
5,Pool Type,18,19,Character,2,X(2),"llmon2_MBS SF PORTFOLIO - LOAN LEVEL, GINNIE II Layout V1.7 (Dec 2017 - Jan 2021).pdf",2017-12-01,2021-01-01,P
6,Pool Issue Date,20,27,Numeric,8,9(8),"llmon2_MBS SF PORTFOLIO - LOAN LEVEL, GINNIE II Layout V1.7 (Dec 2017 - Jan 2021).pdf",2017-12-01,2021-01-01,P
7,Issuer ID,28,31,Numeric,4,9(4),"llmon2_MBS SF PORTFOLIO - LOAN LEVEL, GINNIE II Layout V1.7 (Dec 2017 - Jan 2021).pdf",2017-12-01,2021-01-01,P
8,As of Date (CCYYMM),32,37,Numeric,6,9(6),"llmon2_MBS SF PORTFOLIO - LOAN LEVEL, GINNIE II Layout V1.7 (Dec 2017 - Jan 2021).pdf",2017-12-01,2021-01-01,P
1,Record Type L = Loan Level Details,1,1,Character,1,X,"llmon2_MBS SF PORTFOLIO - LOAN LEVEL, GINNIE II Layout V1.7 (Dec 2017 - Jan 2021).pdf",2017-12-01,2021-01-01,L
2,Pool ID,2,7,Character,6,X(6),"llmon2_MBS SF PORTFOLIO - LOAN LEVEL, GINNIE II Layout V1.7 (Dec 2017 - Jan 2021).pdf",2017-12-01,2021-01-01,L
3,"Disclosure Sequence Number (A sequence
number unique to loan level )",8,17,Numeric,10,10(9),"llmon2_MBS SF PORTFOLIO - LOAN LEVEL, GINNIE II Layout V1.7 (Dec 2017 - Jan 2021).pdf",2017-12-01,2021-01-01,L
4,"Issuer ID (including for loan packages in MIP
pool)",18,21,Numeric,4,9(4),"llmon2_MBS SF PORTFOLIO - LOAN LEVEL, GINNIE II Layout V1.7 (Dec 2017 - Jan 2021).pdf",2017-12-01,2021-01-01,L
5,"Agency (Agency Loan Type FHA, VA, RD, NA)",22,22,Character,1,X,"llmon2_MBS SF PORTFOLIO - LOAN LEVEL, GINNIE II Layout V1.7 (Dec 2017 - Jan 2021).pdf",2017-12-01,2021-01-01,L
6,Loan Purpose,23,23,Numeric,1,9,"llmon2_MBS SF PORTFOLIO - LOAN LEVEL, GINNIE II Layout V1.7 (Dec 2017 - Jan 2021).pdf",2017-12-01,2021-01-01,L
7,Refinance Type,24,24,Numeric,1,9,"llmon2_MBS SF PORTFOLIO - LOAN LEVEL, GINNIE II Layout V1.7 (Dec 2017 - Jan 2021).pdf",2017-12-01,2021-01-01,L
8,First Payment Date (First Scheduled Installment),25,32,Numeric,8,9(8),"llmon2_MBS SF PORTFOLIO - LOAN LEVEL, GINNIE II Layout V1.7 (Dec 2017 - Jan 2021).pdf",2017-12-01,2021-01-01,L
9,"Maturity Date of Loan (Last Scheduled
Installment)",33,40,Numeric,8,9(8),"llmon2_MBS SF PORTFOLIO - LOAN LEVEL, GINNIE II Layout V1.7 (Dec 2017 - Jan 2021).pdf",2017-12-01,2021-01-01,L
10,Loan Interest Rate (current interest rate),41,45,Numeric,5,9(2)v9(3),"llmon2_MBS SF PORTFOLIO - LOAN LEVEL, GINNIE II Layout V1.7 (Dec 2017 - Jan 2021).pdf",2017-12-01,2021-01-01,L
11,"Original Principal Balance (OPB at pool
issuance)",46,56,Numeric,11,9(9)v9(2),"llmon2_MBS SF PORTFOLIO - LOAN LEVEL, GINNIE II Layout V1.7 (Dec 2017 - Jan 2021).pdf",2017-12-01,2021-01-01,L
12,"UPB at Issuance (UPB of the loan at pool
issuance)",57,67,Numeric,11,9(9)v9(2),"llmon2_MBS SF PORTFOLIO - LOAN LEVEL, GINNIE II Layout V1.7 (Dec 2017 - Jan 2021).pdf",2017-12-01,2021-01-01,L
13,Unpaid Principal Balance (UPB of the loan),68,78,Numeric,11,9(9)v9(2),"llmon2_MBS SF PORTFOLIO - LOAN LEVEL, GINNIE II Layout V1.7 (Dec 2017 - Jan 2021).pdf",2017-12-01,2021-01-01,L
14,"Original Loan Term, in Months",79,81,Numeric,3,9(3),"llmon2_MBS SF PORTFOLIO - LOAN LEVEL, GINNIE II Layout V1.7 (Dec 2017 - Jan 2021).pdf",2017-12-01,2021-01-01,L
15,"Loan Age, in Months",82,84,Numeric,3,9(3),"llmon2_MBS SF PORTFOLIO - LOAN LEVEL, GINNIE II Layout V1.7 (Dec 2017 - Jan 2021).pdf",2017-12-01,2021-01-01,L
16,"Remaining Loan Term (Remaining Maturity), in
Months",85,87,Numeric,3,9(3),"llmon2_MBS SF PORTFOLIO - LOAN LEVEL, GINNIE II Layout V1.7 (Dec 2017 - Jan 2021).pdf",2017-12-01,2021-01-01,L
17,"Months Delinquent (1,2,3,4,5,6 where 6 means 6+
Scheduled installments due but not paid)",88,88,Numeric,1,9,"llmon2_MBS SF PORTFOLIO - LOAN LEVEL, GINNIE II Layout V1.7 (Dec 2017 - Jan 2021).pdf",2017-12-01,2021-01-01,L
18,"Months Pre-Paid (1,2,3,4,5,6 where 6 means 6+
Future scheduled installments have been paid)",89,89,Numeric,1,9,"llmon2_MBS SF PORTFOLIO - LOAN LEVEL, GINNIE II Layout V1.7 (Dec 2017 - Jan 2021).pdf",2017-12-01,2021-01-01,L
19,Loan Gross Margin (ARM Loans only),90,93,Numeric,4,9v9(3),"llmon2_MBS SF PORTFOLIO - LOAN LEVEL, GINNIE II Layout V1.7 (Dec 2017 - Jan 2021).pdf",2017-12-01,2021-01-01,L
20,Loan To Value (LTV),94,98,Numeric,5,9(3)v9(2),"llmon2_MBS SF PORTFOLIO - LOAN LEVEL, GINNIE II Layout V1.7 (Dec 2017 - Jan 2021).pdf",2017-12-01,2021-01-01,L
21,Combined LTV (CLTV),99,103,Numeric,5,9(3)v9(2),"llmon2_MBS SF PORTFOLIO - LOAN LEVEL, GINNIE II Layout V1.7 (Dec 2017 - Jan 2021).pdf",2017-12-01,2021-01-01,L
22,Total Debt Expense Ratio Percent,104,108,Numeric,5,9(3)v9(2),"llmon2_MBS SF PORTFOLIO - LOAN LEVEL, GINNIE II Layout V1.7 (Dec 2017 - Jan 2021).pdf",2017-12-01,2021-01-01,L
23,Credit Score,109,111,Numeric,3,9(3),"llmon2_MBS SF PORTFOLIO - LOAN LEVEL, GINNIE II Layout V1.7 (Dec 2017 - Jan 2021).pdf",2017-12-01,2021-01-01,L
24,Down Payment Assistance (Yes or No),112,112,Character,1,X,"llmon2_MBS SF PORTFOLIO - LOAN LEVEL, GINNIE II Layout V1.7 (Dec 2017 - Jan 2021).pdf",2017-12-01,2021-01-01,L
25,Buy Down Status (Loan Status) (Yes or No),113,113,Character,1,X,"llmon2_MBS SF PORTFOLIO - LOAN LEVEL, GINNIE II Layout V1.7 (Dec 2017 - Jan 2021).pdf",2017-12-01,2021-01-01,L
26,Upfront MIP (insurance premium rate),114,118,Numeric,5,9(2)v9(3),"llmon2_MBS SF PORTFOLIO - LOAN LEVEL, GINNIE II Layout V1.7 (Dec 2017 - Jan 2021).pdf",2017-12-01,2021-01-01,L
27,Annual MIP (insurance premium rate),119,123,Numeric,5,9(2)v9(3),"llmon2_MBS SF PORTFOLIO - LOAN LEVEL, GINNIE II Layout V1.7 (Dec 2017 - Jan 2021).pdf",2017-12-01,2021-01-01,L
28,Number of Borrowers,124,124,Numeric,1,9,"llmon2_MBS SF PORTFOLIO - LOAN LEVEL, GINNIE II Layout V1.7 (Dec 2017 - Jan 2021).pdf",2017-12-01,2021-01-01,L
29,First Time Home Buyer (Yes or No),125,125,Character,1,X,"llmon2_MBS SF PORTFOLIO - LOAN LEVEL, GINNIE II Layout V1.7 (Dec 2017 - Jan 2021).pdf",2017-12-01,2021-01-01,L
30,Property Type (Number of Living Units),126,126,Numeric,1,9,"llmon2_MBS SF PORTFOLIO - LOAN LEVEL, GINNIE II Layout V1.7 (Dec 2017 - Jan 2021).pdf",2017-12-01,2021-01-01,L
31,State (2 character State Code),127,128,Character,2,X(2),"llmon2_MBS SF PORTFOLIO - LOAN LEVEL, GINNIE II Layout V1.7 (Dec 2017 - Jan 2021).pdf",2017-12-01,2021-01-01,L
32,MSA,129,133,Numeric,5,9(5),"llmon2_MBS SF PORTFOLIO - LOAN LEVEL, GINNIE II Layout V1.7 (Dec 2017 - Jan 2021).pdf",2017-12-01,2021-01-01,L
33,Third-Party Origination Type,134,134,Numeric,1,9,"llmon2_MBS SF PORTFOLIO - LOAN LEVEL, GINNIE II Layout V1.7 (Dec 2017 - Jan 2021).pdf",2017-12-01,2021-01-01,L
34,Current Month Liquidation Flag (Yes or No),135,135,Character,1,X,"llmon2_MBS SF PORTFOLIO - LOAN LEVEL, GINNIE II Layout V1.7 (Dec 2017 - Jan 2021).pdf",2017-12-01,2021-01-01,L
35,Removal Reason,136,136,Numeric,1,9,"llmon2_MBS SF PORTFOLIO - LOAN LEVEL, GINNIE II Layout V1.7 (Dec 2017 - Jan 2021).pdf",2017-12-01,2021-01-01,L
36,As of Date (CCYYMM),137,142,Numeric,6,9(6),"llmon2_MBS SF PORTFOLIO - LOAN LEVEL, GINNIE II Layout V1.7 (Dec 2017 - Jan 2021).pdf",2017-12-01,2021-01-01,L
37,Loan Origination Date,143,150,Numeric,8,9(8),"llmon2_MBS SF PORTFOLIO - LOAN LEVEL, GINNIE II Layout V1.7 (Dec 2017 - Jan 2021).pdf",2017-12-01,2021-01-01,L
38,Seller Issuer ID,151,154,Numeric,4,9(4),"llmon2_MBS SF PORTFOLIO - LOAN LEVEL, GINNIE II Layout V1.7 (Dec 2017 - Jan 2021).pdf",2017-12-01,2021-01-01,L
39,Index Type,155,159,Character,5,X(5),"llmon2_MBS SF PORTFOLIO - LOAN LEVEL, GINNIE II Layout V1.7 (Dec 2017 - Jan 2021).pdf",2017-12-01,2021-01-01,L
40,Look-Back Period,160,161,Numeric,2,9(2),"llmon2_MBS SF PORTFOLIO - LOAN LEVEL, GINNIE II Layout V1.7 (Dec 2017 - Jan 2021).pdf",2017-12-01,2021-01-01,L
41,Interest Rate Change Date,162,169,Numeric,8,9(8),"llmon2_MBS SF PORTFOLIO - LOAN LEVEL, GINNIE II Layout V1.7 (Dec 2017 - Jan 2021).pdf",2017-12-01,2021-01-01,L
42,Initial Interest Rate Cap,170,170,Numeric,1,9,"llmon2_MBS SF PORTFOLIO - LOAN LEVEL, GINNIE II Layout V1.7 (Dec 2017 - Jan 2021).pdf",2017-12-01,2021-01-01,L
43,Subsequent Interest Rate Cap,171,171,Numeric,1,9,"llmon2_MBS SF PORTFOLIO - LOAN LEVEL, GINNIE II Layout V1.7 (Dec 2017 - Jan 2021).pdf",2017-12-01,2021-01-01,L
44,Lifetime Interest Rate Cap,172,172,Numeric,1,9,"llmon2_MBS SF PORTFOLIO - LOAN LEVEL, GINNIE II Layout V1.7 (Dec 2017 - Jan 2021).pdf",2017-12-01,2021-01-01,L
45,Next Interest Rate Change Ceiling,173,177,Numeric,5,9(2)v9(3),"llmon2_MBS SF PORTFOLIO - LOAN LEVEL, GINNIE II Layout V1.7 (Dec 2017 - Jan 2021).pdf",2017-12-01,2021-01-01,L
46,Lifetime Interest Rate Ceiling,178,182,Numeric,5,9(2)v9(3),"llmon2_MBS SF PORTFOLIO - LOAN LEVEL, GINNIE II Layout V1.7 (Dec 2017 - Jan 2021).pdf",2017-12-01,2021-01-01,L
47,Lifetime Interest Rate Floor,183,187,Numeric,5,9(2)v9(3),"llmon2_MBS SF PORTFOLIO - LOAN LEVEL, GINNIE II Layout V1.7 (Dec 2017 - Jan 2021).pdf",2017-12-01,2021-01-01,L
48,Prospective Interest Rate,188,192,Numeric,5,9(2)v9(3),"llmon2_MBS SF PORTFOLIO - LOAN LEVEL, GINNIE II Layout V1.7 (Dec 2017 - Jan 2021).pdf",2017-12-01,2021-01-01,L
1,Record Type T = Pool Trailer information,1,1,Character,1,X,"llmon2_MBS SF PORTFOLIO - LOAN LEVEL, GINNIE II Layout V1.7 (Dec 2017 - Jan 2021).pdf",2017-12-01,2021-01-01,T
2,CUSIP Number,2,10,Character,9,X(9),"llmon2_MBS SF PORTFOLIO - LOAN LEVEL, GINNIE II Layout V1.7 (Dec 2017 - Jan 2021).pdf",2017-12-01,2021-01-01,T
3,Pool ID,11,16,Character,6,X(6),"llmon2_MBS SF PORTFOLIO - LOAN LEVEL, GINNIE II Layout V1.7 (Dec 2017 - Jan 2021).pdf",2017-12-01,2021-01-01,T
4,"Issue Type (X, C, or M)",17,17,Character,1,X,"llmon2_MBS SF PORTFOLIO - LOAN LEVEL, GINNIE II Layout V1.7 (Dec 2017 - Jan 2021).pdf",2017-12-01,2021-01-01,T
5,Pool Type,18,19,Character,2,X(2),"llmon2_MBS SF PORTFOLIO - LOAN LEVEL, GINNIE II Layout V1.7 (Dec 2017 - Jan 2021).pdf",2017-12-01,2021-01-01,T
6,Pool Issue Date,20,27,Numeric,8,9(8),"llmon2_MBS SF PORTFOLIO - LOAN LEVEL, GINNIE II Layout V1.7 (Dec 2017 - Jan 2021).pdf",2017-12-01,2021-01-01,T
7,Issuer ID,28,31,Numeric,4,9(4),"llmon2_MBS SF PORTFOLIO - LOAN LEVEL, GINNIE II Layout V1.7 (Dec 2017 - Jan 2021).pdf",2017-12-01,2021-01-01,T
8,As of Date (CCYYMM),32,37,Numeric,6,9(6),"llmon2_MBS SF PORTFOLIO - LOAN LEVEL, GINNIE II Layout V1.7 (Dec 2017 - Jan 2021).pdf",2017-12-01,2021-01-01,T
9,Loan Count for the Pool,38,44,Numeric,7,9(7),"llmon2_MBS SF PORTFOLIO - LOAN LEVEL, GINNIE II Layout V1.7 (Dec 2017 - Jan 2021).pdf",2017-12-01,2021-01-01,T
1,Record Type Z = File Trailer,1,1,Character,1,X,"llmon2_MBS SF PORTFOLIO - LOAN LEVEL, GINNIE II Layout V1.7 (Dec 2017 - Jan 2021).pdf",2017-12-01,2021-01-01,Z
2,"File Name
(GNMA_MBS_LL_XXX_CCYYMM)",2,23,Character,22,X(22),"llmon2_MBS SF PORTFOLIO - LOAN LEVEL, GINNIE II Layout V1.7 (Dec 2017 - Jan 2021).pdf",2017-12-01,2021-01-01,Z
3,File Number,24,26,Numeric,3,9(3),"llmon2_MBS SF PORTFOLIO - LOAN LEVEL, GINNIE II Layout V1.7 (Dec 2017 - Jan 2021).pdf",2017-12-01,2021-01-01,Z
4,Pool Count (Control Total),27,33,Numeric,7,9(7),"llmon2_MBS SF PORTFOLIO - LOAN LEVEL, GINNIE II Layout V1.7 (Dec 2017 - Jan 2021).pdf",2017-12-01,2021-01-01,Z
5,Loan Count (Control Total),34,42,Numeric,9,9(9),"llmon2_MBS SF PORTFOLIO - LOAN LEVEL, GINNIE II Layout V1.7 (Dec 2017 - Jan 2021).pdf",2017-12-01,2021-01-01,Z
6,"Total Record Count in File (All Record Types,
Including H and Z records)",43,51,Numeric,9,9(9),"llmon2_MBS SF PORTFOLIO - LOAN LEVEL, GINNIE II Layout V1.7 (Dec 2017 - Jan 2021).pdf",2017-12-01,2021-01-01,Z
7,As of Date (CCYYMM),52,57,Numeric,6,9(6),"llmon2_MBS SF PORTFOLIO - LOAN LEVEL, GINNIE II Layout V1.7 (Dec 2017 - Jan 2021).pdf",2017-12-01,2021-01-01,Z
